133333333133 37

3313333 33 5333333 33 3333 333333133331333111333 3333333
33333 1313133333, 313333 1313311, 33333 1331131113 qui 13311333
3333331 33111 jusque-ln.

11 33113313 333 13 cynismo 131333331 333 3131313313 sophistes,
qni, 3333 33313313 33 33 3133 3313333 31331 sagn, lui 333333331
jusqu's's la 3331331133 33 3133. n Le ssge seul 3311 33313333,
313331-113, 131 3331 3311 satisfaire tontes 333 33331333; 3133
dans 333 33133 qui puisse 13 3333333333, s

Ces gens-ln, 8333333 133 31333133.

11 11331333 non 3133 33 333 (13131333 33331333, qni, 33133
d'uns 13333 strange, 33 3331333331 d'un 313 morose, 33133 31
133 33333113 1333333, qui 33 3331331 qu'sn 1133333 sentences un
langage 3331333 333333 13 333313. A ses yeux, 333 33333333
3131133331 33 31333331133 13 philosophie, dont le 3331333131-
1331113 331 3333 assez odieux. Satis nomen philosophis, si 31333313
tractetur, invidiosum est. (Ep. 3.]

11 33 33 range pas davantags parmi 333 3131313113 33333αηί3333
333113 type 331 1113333313, 333311 333 3333313333 3333313333
(331, 1133133 313333 331331333, 333331 garder 333 noble 31111333
33 13333313 tyrannis, 3333 113313113 3313133 3333 3333311133
1133331113.

13333333 33313111, 33 (3311 33131113333333313 fin 33 33
33331333, 3331 13 3311113 33 13 331131131 In freto 3133113133,133-
3133133131 portu. (Ep. x1x.) Si Ne'ron 3333311 13331133 33
1333 33 33 31113, 333 333311 33331331 3 1333 33311113. - Μ313
Ν3333 ne l'onblie point. 8333333 3 11333 3331311133 13 13313313
3333 333133 31133 131, 1331333333 3331133313 3 333 33133, 3331133
3333 131 13133 33313333 13 33133 (13 333 33111133 envers 133 333-
113311333, (13 333 3313 3333113333 3333 13313133133 33 13313, 33
13 (13333 3133 1113113.

33313111 (333 333 333133 333333133313 1311 3333 333331, 11
charge 1311333331 1113331333 (13 1“31113313311333;111313 0133111333,
33 333311333 113313, 333311113 313111333. 133131-31 3333331313 33
borne pour toute 3333311333 nux 133113 33 333 jandins, et 3333
1331333133311 3 1333 33333313 333 3313313333. Le 33113 333
1133333113 333333 3 333 3331331133 33 1133311313 3313333313133;
13 33113, 3311111133 33 333 13113, 333311333113 33333313 qu’il
stant 33331133. 03113 33333313 33 13 33333 333.

Pison 33333133 333133 Ν3333. Mais Ρ133113111333333 3’331 333
33 gont 33 1333133 3311133333 Ρ1333 1333 publiquement 13
13333313, 3313313 Ν3333 jone 3313 lyra: (1 033 gagnera-t-on,
311 Subrius, 3 3333313333 33 333333 33 1333 33333 33313-
31331 Servons-nous 33 Pison 3333 3333 33333333333 33 fils

 

